time: 0.0, P0: 0.98, P1: 0.02, P2: 0.0, TI2: 0.01584
time: 1.0, P0: 0.9617636352440402, P1: 0.03364581021019286, P2: 0.004590554545766904, TI2: 0.038666919301726665
time: 2.0, P0: 0.9236479339915541, P1: 0.06427054905012705, P2: 0.012081516958318796, TI2: 0.08427358296676465
time: 3.0, P0: 0.8510041248457619, P1: 0.12161541492889716, P2: 0.027380460225340797, TI2: 0.17221633537957876
time: 4.0, P0: 0.727670443160244, P1: 0.2120803002392576, P2: 0.060249256600498256, TI2: 0.32841881344025414
time: 5.0, P0: 0.5540843357886839, P1: 0.319952421654661, P2: 0.12596324255665511, TI2: 0.5677189067679711
time: 6.0, P0: 0.3670328958660709, P1: 0.39956331209149165, P2: 0.23340379204243733, TI2: 0.8622108961763665
time: 7.0, P0: 0.21939421527673697, P1: 0.4168137517315027, P2: 0.36379203299176033, TI2: 1.1402378177150234
time: 8.0, P0: 0.1307281267464289, P1: 0.3907477468494396, P2: 0.47852412640413144, TI2: 1.3436359996577025
time: 9.0, P0: 0.0861652689807704, P1: 0.3574844954928254, P2: 0.5563502355264043, TI2: 1.4660249665456337
time: 10.0, P0: 0.06545538666579065, P1: 0.33390215090710373, P2: 0.6006424624271057, TI2: 1.531027075761315
time: 11.0, P0: 0.05604274815269237, P1: 0.3205192808417387, P2: 0.623437971005569, TI2: 1.5632352228528763
time: 12.0, P0: 0.05177246037965545, P1: 0.31366564960351045, P2: 0.6345618900168343, TI2: 1.5786294296371786
time: 13.0, P0: 0.049831735809457656, P1: 0.3103279975326367, P2: 0.6398402666579058, TI2: 1.585848530848448
time: 14.0, P0: 0.048904554729333236, P1: 0.3087976629694357, P2: 0.6422977823012311, TI2: 1.5892332275718977
time: 15.0, P0: 0.04850843416087968, P1: 0.30804839907408244, P2: 0.6434431667650381, TI2: 1.5907747326041584
time: 16.0, P0: 0.04829191023794028, P1: 0.3077463739949394, P2: 0.6439617157671205, TI2: 1.59150980552918
time: 17.0, P0: 0.0482505329239341, P1: 0.3075028506043338, P2: 0.6442466164717323, TI2: 1.5918360835477983
time: 18.0, P0: 0.04815278382963626, P1: 0.307555075658618, P2: 0.644292140511746, TI2: 1.5919793566821099
time: 19.0, P0: 0.04820470420974938, P1: 0.3073488032947816, P2: 0.6444464924954693, TI2: 1.59208178828572
time: 20.0, P0: 0.048104317879672315, P1: 0.3075526850221964, P2: 0.6443429970981315, TI2: 1.5920786792184591
time: 21.0, P0: 0.04822035730257809, P1: 0.3072517577292315, P2: 0.6445278849681906, TI2: 1.5921475276656125
time: 22.0, P0: 0.04810870345544988, P1: 0.3075153406187114, P2: 0.644375955925839, TI2: 1.5921072524703892
time: 23.0, P0: 0.04819793617042786, P1: 0.30729344108418116, P2: 0.6445086227453911, TI2: 1.5921506865749633
time: 24.0, P0: 0.04815651147896957, P1: 0.3073926378986014, P2: 0.6444508506224292, TI2: 1.5921343391434597
time: 25.0, P0: 0.048144182807285565, P1: 0.3074218439956179, P2: 0.6444339731970967, TI2: 1.5921297903898113
time: 26.0, P0: 0.04817936883696014, P1: 0.3073355085432702, P2: 0.6444851226197699, TI2: 1.5921457537828096
time: 27.0, P0: 0.04811867908450116, P1: 0.30748350482154896, P2: 0.6443978160939501, TI2: 1.592119137009449
time: 28.0, P0: 0.048189399147831324, P1: 0.3073107292980154, P2: 0.6444998715541534, TI2: 1.5921504724063222
time: 29.0, P0: 0.048091857959992206, P1: 0.3075488685323185, P2: 0.6443592735076895, TI2: 1.5921074155476973
time: 30.0, P0: 0.04822113157358198, P1: 0.3072331798517915, P2: 0.6445456885746268, TI2: 1.592164557001045
time: 31.0, P0: 0.04807220830175643, P1: 0.3075968265991464, P2: 0.6443309650990975, TI2: 1.592098756797341
time: 32.0, P0: 0.048253601171619656, P1: 0.30715387866702865, P2: 0.6445925201613519, TI2: 1.5921789189897322
time: 33.0, P0: 0.04810597884374877, P1: 0.30751435393277154, P2: 0.64437966722348, TI2: 1.5921136883797313
time: 34.0, P0: 0.04820459189769718, P1: 0.30727355185998656, P2: 0.6445218562423166, TI2: 1.5921572643446196
time: 35.0, P0: 0.04814785078867693, P1: 0.3074121056828151, P2: 0.6444400435285085, TI2: 1.5921321927398318
time: 36.0, P0: 0.04814444667788886, P1: 0.30742041663716263, P2: 0.644435136684949, TI2: 1.5921306900070604
time: 37.0, P0: 0.04816801424981525, P1: 0.3073628686195667, P2: 0.6444691171306185, TI2: 1.5921411028808035
time: 38.0, P0: 0.0481131262266793, P1: 0.3074968964743908, P2: 0.6443899772989302, TI2: 1.5921168510722512
time: 39.0, P0: 0.048186358194311114, P1: 0.30731807490192226, P2: 0.6444955669037671, TI2: 1.5921492087094562
time: 40.0, P0: 0.04808464414656268, P1: 0.3075664492700688, P2: 0.644348906583369, TI2: 1.5921042624368067
time: 41.0, P0: 0.048212599508833213, P1: 0.30725399744749066, P2: 0.6445334030436767, TI2: 1.5921608035348438
time: 42.0, P0: 0.048096610613409765, P1: 0.3075372285589951, P2: 0.6443661608275956, TI2: 1.5921095502141862
time: 43.0, P0: 0.04823548315139483, P1: 0.30719812019760356, P2: 0.6445663966510021, TI2: 1.5921709134996076
time: 44.0, P0: 0.04812372788208768, P1: 0.30747100872617533, P2: 0.6444052633917375, TI2: 1.5921215355096503
time: 45.0, P0: 0.0481938581241968, P1: 0.30729976242355855, P2: 0.6445063794522453, TI2: 1.592152521328049
time: 46.0, P0: 0.04814178964014707, P1: 0.3074269050160814, P2: 0.6444313053437724, TI2: 1.5921295157036257
time: 47.0, P0: 0.04814549943559286, P1: 0.3074178456458928, P2: 0.6444366549185152, TI2: 1.592131155482923
time: 48.0, P0: 0.048153709461337596, P1: 0.30739779830533237, P2: 0.6444484922333309, TI2: 1.5921347827719938
time: 49.0, P0: 0.048155982168964426, P1: 0.30739224712201396, P2: 0.6444517707090225, TI2: 1.5921357885400587
time: 50.0, P0: 0.04815635875441626, P1: 0.3073913279747378, P2: 0.6444523132708468, TI2: 1.5921359545164313
