time: 0.0, P0: 0.98, P1: 0.02, P2: 0.0, TI2: 0.00792
time: 1.0, P0: 0.9778984190369477, P1: 0.017169444570654058, P2: 0.004932136392398189, TI2: 0.014953717355450435
time: 2.0, P0: 0.9732350131337502, P1: 0.01944868454541084, P2: 0.007316302320838966, TI2: 0.02200128918708877
time: 3.0, P0: 0.9670196728978276, P1: 0.023604993798166864, P2: 0.009375333304005477, TI2: 0.030275660406177816
time: 4.0, P0: 0.9593124571409165, P1: 0.02898653025528987, P2: 0.011701012603793581, TI2: 0.040308555462877024
time: 5.0, P0: 0.9499246479646518, P1: 0.03557529014954281, P2: 0.014500061885805276, TI2: 0.05249541392115336
time: 6.0, P0: 0.9386016152472999, P1: 0.043490002158079244, P2: 0.01790838259462077, TI2: 0.06722676734732079
time: 7.0, P0: 0.9250713508834203, P1: 0.052875699648372465, P2: 0.02205294946820726, TI2: 0.08490159858478699
time: 8.0, P0: 0.9090419933434261, P1: 0.06394927634439163, P2: 0.027008730312182316, TI2: 0.10588673696875628
time: 9.0, P0: 0.8903530773556754, P1: 0.07663290894644295, P2: 0.03301401369788172, TI2: 0.13058093634220644
time: 10.0, P0: 0.868728740390392, P1: 0.09132105130774025, P2: 0.03995020830186763, TI2: 0.15914146791147551
time: 11.0, P0: 0.8443461482043081, P1: 0.10736974411341664, P2: 0.048284107682275285, TI2: 0.1918579594779672
time: 12.0, P0: 0.8170555974078909, P1: 0.12537840889164792, P2: 0.05756599370046122, TI2: 0.22843039629257036
time: 13.0, P0: 0.7874794204053087, P1: 0.1441677059090327, P2: 0.06835287368565862, TI2: 0.2687934532803499
time: 14.0, P0: 0.755798850117496, P1: 0.16422927054232628, P2: 0.07997187934017773, TI2: 0.3120930292226818
time: 15.0, P0: 0.7230251058933949, P1: 0.18411711540002568, P2: 0.09285777870657942, TI2: 0.35775267281318457
time: 16.0, P0: 0.68962078399866, P1: 0.20424557717063369, P2: 0.10613363883070631, TI2: 0.40443285483204633
time: 17.0, P0: 0.6568046604697225, P1: 0.2230475825064124, P2: 0.12014775702386513, TI2: 0.4512630965541427
time: 18.0, P0: 0.6250299847533273, P1: 0.2410995929456153, P2: 0.13387042230105747, TI2: 0.4967604375477303
time: 19.0, P0: 0.5953384888673426, P1: 0.2570954878834575, P2: 0.14756602324919987, TI2: 0.5401475343818573
time: 20.0, P0: 0.5679797765311334, P1: 0.27163259596242073, P2: 0.16038762750644586, TI2: 0.5803278509753125
time: 21.0, P0: 0.5434770348506618, P1: 0.28409922278509264, P2: 0.17242374236424543, TI2: 0.6168667075135836
time: 22.0, P0: 0.5218814295277139, P1: 0.2947914315356303, P2: 0.18332713893665584, TI2: 0.6493657094089421
time: 23.0, P0: 0.5031478964821914, P1: 0.30389303460449973, P2: 0.19295906891330894, TI2: 0.6777311724311177
time: 24.0, P0: 0.48724321648232943, P1: 0.3112403011060228, P2: 0.20151648241164782, TI2: 0.7021932659293184
time: 25.0, P0: 0.473736231525424, P1: 0.31760060775411075, P2: 0.20866316072046526, TI2: 0.7228469291950412
time: 26.0, P0: 0.46261233795276774, P1: 0.3224148576441943, P2: 0.21497280440303793, TI2: 0.7402804664502701
time: 27.0, P0: 0.4532765945766111, P1: 0.32674280307936343, P2: 0.21998060234402536, TI2: 0.7546240077674141
time: 28.0, P0: 0.4457740849236661, P1: 0.32980214775058236, P2: 0.22442376732575156, TI2: 0.7665696824020855
time: 29.0, P0: 0.43951301275870247, P1: 0.33268329084459225, P2: 0.22780369639670525, TI2: 0.7762106836380028
time: 30.0, P0: 0.4345679303793601, P1: 0.33461411666569896, P2: 0.230817952954941, TI2: 0.784170022575581
time: 31.0, P0: 0.43046404391091936, P1: 0.3364738078409834, P2: 0.23306214824809726, TI2: 0.790518104337178
time: 32.0, P0: 0.4272455095636157, P1: 0.3377132637923872, P2: 0.23504122664399715, TI2: 0.7957157170803815
time: 33.0, P0: 0.4245955915779119, P1: 0.33888993397846967, P2: 0.23651447444361848, TI2: 0.7998388828657066
time: 34.0, P0: 0.42252171687248363, P1: 0.33968463273502236, P2: 0.23779365039249403, TI2: 0.8031919335200104
time: 35.0, P0: 0.4208173685353884, P1: 0.34044767562535255, P2: 0.23873495583925905, TI2: 0.8058375873038706
time: 36.0, P0: 0.4194966424458131, P1: 0.3409368395650275, P2: 0.23956651798915943, TI2: 0.8079898755433463
time: 37.0, P0: 0.41840126101419134, P1: 0.3414450285782942, P2: 0.2401537104075145, TI2: 0.8096724493933232
time: 38.0, P0: 0.4175638393222004, P1: 0.34174514925877625, P2: 0.24069101141902335, TI2: 0.8110471720968229
time: 39.0, P0: 0.41687162528455923, P1: 0.34205549726740864, P2: 0.24107287744803216, TI2: 0.812121252163473
time: 40.0, P0: 0.41632744730821825, P1: 0.3422815610753638, P2: 0.24139099161641803, TI2: 0.8129835443081999
time: 41.0, P0: 0.41591552392206455, P1: 0.34239974075931934, P2: 0.2416847353186162, TI2: 0.8136892113965517
time: 42.0, P0: 0.4155387248791862, P1: 0.34263491122953793, P2: 0.24182636389127596, TI2: 0.8142076390120899
time: 43.0, P0: 0.4153158134489247, P1: 0.342599929956873, P2: 0.2420842565942024, TI2: 0.8146884431452778
time: 44.0, P0: 0.41504367444293566, P1: 0.3428457222326911, P2: 0.24211060332437334, TI2: 0.8149869288814378
time: 45.0, P0: 0.4149271026783336, P1: 0.342752813291987, P2: 0.24232008402967953, TI2: 0.8153129813513461
time: 46.0, P0: 0.4147348331164241, P1: 0.34296632767055213, P2: 0.24229883921302384, TI2: 0.8154840060965999
time: 47.0, P0: 0.414673325739828, P1: 0.34287225665971083, P2: 0.24245441760046127, TI2: 0.8157010918606333
time: 48.0, P0: 0.41453591140678653, P1: 0.3430529748125251, P2: 0.2424111137806885, TI2: 0.815795202373902
time: 49.0, P0: 0.4145180919136675, P1: 0.34293266049950455, P2: 0.2425492475868281, TI2: 0.8159511556731607
time: 50.0, P0: 0.4144003772317318, P1: 0.34313596122178047, P2: 0.2424636615464879, TI2: 0.8159832843147562
time: 51.0, P0: 0.4144364281621283, P1: 0.3429232983659378, P2: 0.24264027347193412, TI2: 0.8161238453098061
time: 52.0, P0: 0.41430650149989234, P1: 0.3432121101334853, P2: 0.24248138836662256, TI2: 0.8160948868667305
time: 53.0, P0: 0.41439732802189116, P1: 0.3428812499966858, P2: 0.2427214219814232, TI2: 0.8162440939595322
time: 54.0, P0: 0.41425079233369605, P1: 0.34324978347089025, P2: 0.24249942419541387, TI2: 0.816168631861718
time: 55.0, P0: 0.414365360190421, P1: 0.3428756334398853, P2: 0.2427590063696939, TI2: 0.8163136461792732
time: 56.0, P0: 0.4142245911325265, P1: 0.34324759248721864, P2: 0.242527816380255, TI2: 0.8162232252477287
time: 57.0, P0: 0.4143308628210633, P1: 0.34291335825210245, P2: 0.24275577892683436, TI2: 0.8163449161057712
time: 58.0, P0: 0.41420813901184605, P1: 0.3432459037655604, P2: 0.2425459572225937, TI2: 0.8162578182107478
time: 59.0, P0: 0.4143085948915255, P1: 0.34293854705573973, P2: 0.2427528580527349, TI2: 0.8163642631612095
time: 60.0, P0: 0.41418856819591277, P1: 0.3432713257365243, P2: 0.24254010606756302, TI2: 0.8162715378716503
time: 61.0, P0: 0.4143098600379726, P1: 0.3429101840994869, P2: 0.24277995586254056, TI2: 0.816390095824568
time: 62.0, P0: 0.41416525833694623, P1: 0.3433189873367252, P2: 0.24251575432632866, TI2: 0.8162704959893825
time: 63.0, P0: 0.4143286364839027, P1: 0.34284036112152555, P2: 0.24283100239457178, TI2: 0.8164223659106691
time: 64.0, P0: 0.41415076211803037, P1: 0.3433484330851937, P2: 0.242500804796776, TI2: 0.8162700426787457
time: 65.0, P0: 0.4143401362285882, P1: 0.34279729961352284, P2: 0.242862564157889, TI2: 0.8164424279293009
time: 66.0, P0: 0.41415354053225323, P1: 0.3433325698019816, P2: 0.24251388966576523, TI2: 0.8162803491335121
time: 67.0, P0: 0.41432976502003394, P1: 0.3428210149064607, P2: 0.24284922007350546, TI2: 0.8164394550534716
time: 68.0, P0: 0.4141603702877901, P1: 0.3433078952589619, P2: 0.24253173445324805, TI2: 0.816291364165458
time: 69.0, P0: 0.4143137544131277, P1: 0.34286330108404556, P2: 0.24282294450282688, TI2: 0.8164291900896993
time: 70.0, P0: 0.41415775858107506, P1: 0.3433123033678864, P2: 0.24252993805103867, TI2: 0.8162921794699638
time: 71.0, P0: 0.41431352674204924, P1: 0.34286146587127914, P2: 0.24282500738667173, TI2: 0.8164314806446226
time: 72.0, P0: 0.41414440564930854, P1: 0.3433488772562281, P2: 0.24250671709446348, TI2: 0.8162823114451551
time: 73.0, P0: 0.41433093915694724, P1: 0.34280961870653864, P2: 0.24285944213651423, TI2: 0.8164485029795671
time: 74.0, P0: 0.4141321434575582, P1: 0.3433830322110892, P2: 0.24248482433135266, TI2: 0.8162726808737946
time: 75.0, P0: 0.41434595449010203, P1: 0.3427652766155378, P2: 0.24288876889436026, TI2: 0.8164628144042583
time: 76.0, P0: 0.4141366297317034, P1: 0.34336928976814146, P2: 0.24249408050015525, TI2: 0.8162774507684519
time: 77.0, P0: 0.4143425138116076, P1: 0.3427745891029329, P2: 0.24288289708545965, TI2: 0.8164603832738522
time: 78.0, P0: 0.41414949597451434, P1: 0.34333164289225476, P2: 0.24251886113323107, TI2: 0.8162893651587168
time: 79.0, P0: 0.4143273902422257, P1: 0.34281785845416174, P2: 0.24285475130361273, TI2: 0.8164473610613872
time: 80.0, P0: 0.4142393130405875, P1: 0.3430719932359211, P2: 0.24268869372349164, TI2: 0.8163693806829042
