time: 0.0, P0: 0.98, P1: 0.02, P2: 0.0, TI2: 0.009899999999999999
time: 1.0, P0: 0.9718721441267721, P1: 0.02439877729867822, P2: 0.003729078574549668, TI2: 0.021756934447777553
time: 2.0, P0: 0.9583464327597888, P1: 0.034107447312778566, P2: 0.007546119927432596, TI2: 0.03909968716764377
time: 3.0, P0: 0.9376203913811046, P1: 0.049862735702504046, P2: 0.012516872916391301, TI2: 0.06479648153528664
time: 4.0, P0: 0.9070780575802633, P1: 0.07317403828169741, P2: 0.01974790413803932, TI2: 0.10256984655777598
time: 5.0, P0: 0.8636038531769408, P1: 0.10578397908165046, P2: 0.030612167741408736, TI2: 0.15690831456446797
time: 6.0, P0: 0.8042891763727568, P1: 0.14863932262521956, P2: 0.04707150100202362, TI2: 0.23268232462926686
time: 7.0, P0: 0.7277168355259445, P1: 0.2010809898167964, P2: 0.07120217465725913, TI2: 0.3333853391313147
time: 8.0, P0: 0.6359970764273531, P1: 0.2584619080014625, P2: 0.10554101557118425, TI2: 0.45944393914383114
time: 9.0, P0: 0.5353466339300528, P1: 0.313705407492553, P2: 0.1509479585773942, TI2: 0.6055013246473414
time: 10.0, P0: 0.43551523332148556, P1: 0.35855218580347026, P2: 0.20593258087504418, TI2: 0.7603173475535587
time: 11.0, P0: 0.3460352159998928, P1: 0.3882626814914096, P2: 0.26570210250869764, TI2: 0.9095668865088048
time: 12.0, P0: 0.27372064734471996, P1: 0.4013790928150735, P2: 0.3249002598402065, TI2: 1.0410796124954864
time: 13.0, P0: 0.2190534410527357, P1: 0.4044340840250738, P2: 0.37651247492219053, TI2: 1.1473590338694546
time: 14.0, P0: 0.18069550632888884, P1: 0.40058343640944283, P2: 0.41872105726166836, TI2: 1.2279255509327793
time: 15.0, P0: 0.1545788137874305, P1: 0.39505018505180517, P2: 0.45037100116076434, TI2: 1.2856921873733336
time: 16.0, P0: 0.1373263438321571, P1: 0.3896667914832089, P2: 0.4730068646846341, TI2: 1.325580520852477
time: 17.0, P0: 0.12620915213907347, P1: 0.3850500221756188, P2: 0.4887408256853078, TI2: 1.3524316735462343
time: 18.0, P0: 0.11893563128972023, P1: 0.38192787411240187, P2: 0.499136494597878, TI2: 1.3701008633081577
time: 19.0, P0: 0.11438953335863852, P1: 0.379472352893581, P2: 0.5061381137477806, TI2: 1.381648580389142
time: 20.0, P0: 0.11137741025225216, P1: 0.3780621083496654, P2: 0.5105604813980825, TI2: 1.3890830711458304
time: 21.0, P0: 0.10954043770055562, P1: 0.3769377803086743, P2: 0.5135217819907703, TI2: 1.3938813442902147
time: 22.0, P0: 0.10832705840559302, P1: 0.37630981252252343, P2: 0.5153631290718838, TI2: 1.3969360706662908
time: 23.0, P0: 0.10751144722368226, P1: 0.3759926575606617, P2: 0.5164958952156563, TI2: 1.398884447991974
time: 24.0, P0: 0.1071438146568154, P1: 0.37543376892558744, P2: 0.5174224164175975, TI2: 1.400178601760782
time: 25.0, P0: 0.10671684613943386, P1: 0.3755566581592454, P2: 0.517726495701321, TI2: 1.4009096495618871
time: 26.0, P0: 0.10644848480250557, P1: 0.3756181695008421, P2: 0.5179333456966526, TI2: 1.401384860894147
time: 27.0, P0: 0.10661031522731945, P1: 0.3748061109721784, P2: 0.5185835738005025, TI2: 1.4018732585731832
time: 28.0, P0: 0.10641222163892902, P1: 0.3750672202250914, P2: 0.5185205581359799, TI2: 1.402008336497051
time: 29.0, P0: 0.10632254906261449, P1: 0.37513522258712917, P2: 0.5185422283502568, TI2: 1.4021196792876425
time: 30.0, P0: 0.10635089791257753, P1: 0.37495597260484936, P2: 0.5186931294825735, TI2: 1.4022422315699963
time: 31.0, P0: 0.10624823078954944, P1: 0.3751563683621902, P2: 0.5185954008482608, TI2: 1.4022471700587116
time: 32.0, P0: 0.10629938277722628, P1: 0.37498014214816633, P2: 0.5187204750746078, TI2: 1.4023210922973819
time: 33.0, P0: 0.1062059029463821, P1: 0.37519666687148806, P2: 0.5185974301821302, TI2: 1.4022915272357486
time: 34.0, P0: 0.106235508925827, P1: 0.37510199880273387, P2: 0.5186624922714395, TI2: 1.402326983345613
time: 35.0, P0: 0.10628251607970841, P1: 0.3749683346486969, P2: 0.518749149271595, TI2: 1.4023666331918867
time: 36.0, P0: 0.10609908063374117, P1: 0.3754401184562934, P2: 0.5184608009099658, TI2: 1.4022617202762249
time: 37.0, P0: 0.10623871935029049, P1: 0.37507102949093846, P2: 0.5186902511587715, TI2: 1.4023515318084812
time: 38.0, P0: 0.10638396473883005, P1: 0.37468896088830805, P2: 0.5189270743728623, TI2: 1.4024431096340326
time: 39.0, P0: 0.10619260339480681, P1: 0.37518677153030794, P2: 0.5186206250748857, TI2: 1.4023280216800793
time: 40.0, P0: 0.10631077538466775, P1: 0.37487705008580247, P2: 0.5188121745295303, TI2: 1.402401399144863
time: 41.0, P0: 0.10622937311535408, P1: 0.3750888362903299, P2: 0.5186817905943165, TI2: 1.402352417478963
time: 42.0, P0: 0.10623915194636985, P1: 0.37506282541030783, P2: 0.5186980226433229, TI2: 1.4023588706969534
time: 43.0, P0: 0.10624700004122985, P1: 0.3750420261442263, P2: 0.5187109738145442, TI2: 1.402363973773315
time: 44.0, P0: 0.1061788702079722, P1: 0.37521972346369903, P2: 0.5186014063283293, TI2: 1.4023225361203575
time: 45.0, P0: 0.10628186797703408, P1: 0.3749506626652866, P2: 0.5187674693576798, TI2: 1.4023856013806462
time: 46.0, P0: 0.10618795070429894, P1: 0.3751958181483028, P2: 0.5186162311473987, TI2: 1.4023282804431
time: 47.0, P0: 0.10611514597788294, P1: 0.3753858863053623, P2: 0.5184989677167552, TI2: 1.4022838217388727
time: 48.0, P0: 0.10636920563990437, P1: 0.3747224448961507, P2: 0.5189083494639454, TI2: 1.4024391438240416
time: 49.0, P0: 0.10630322123083324, P1: 0.37489470004968467, P2: 0.5188020787194827, TI2: 1.40239885748865
time: 50.0, P0: 0.10625416548905689, P1: 0.37502278229147545, P2: 0.5187230522194682, TI2: 1.4023688867304118
