time: 0.0, P0: 0.98, P1: 0.02, P2: 0.0, TI2: 0.0010979999999999983
time: 1.0, P0: 0.9815843002879144, P1: 0.016248610163502035, P2: 0.002167089548583575, TI2: 0.0016807892606691824
time: 2.0, P0: 0.9819620257111714, P1: 0.015355094112490477, P2: 0.002682880176338108, TI2: 0.0018188544651666911
time: 3.0, P0: 0.9820525469797862, P1: 0.015141833957640998, P2: 0.002805619062572872, TI2: 0.0018510720827867398
time: 4.0, P0: 0.9820749682150185, P1: 0.01508986686884535, P2: 0.0028351649161361824, TI2: 0.0018581967011177135
time: 5.0, P0: 0.9820803155136006, P1: 0.01507833449397784, P2: 0.002841349992421578, TI2: 0.0018590344788209931
time: 6.0, P0: 0.9820822782894769, P1: 0.015074812682596151, P2: 0.0028429090279269036, TI2: 0.0018586307384499568
time: 7.0, P0: 0.9820837722283507, P1: 0.015072395498432372, P2: 0.002843832273216796, TI2: 0.0018580600448659635
time: 8.0, P0: 0.9820845060235724, P1: 0.015071772948830102, P2: 0.0028437210275974257, TI2: 0.0018572150040249515
time: 9.0, P0: 0.9820842865919672, P1: 0.015073402393234871, P2: 0.002842311014797874, TI2: 0.001856024422830617
time: 10.0, P0: 0.9820905779372261, P1: 0.01505960493981276, P2: 0.002849817122961062, TI2: 0.0018572391857348816
time: 11.0, P0: 0.9820855744359184, P1: 0.015072554261928554, P2: 0.0028418713021529465, TI2: 0.0018542968662344454
time: 12.0, P0: 0.9820821992716859, P1: 0.01508164107938912, P2: 0.0028361596489248375, TI2: 0.0018519603772387924
time: 13.0, P0: 0.9820882043369551, P1: 0.015068504628047461, P2: 0.002843291034997393, TI2: 0.001853086698042245
time: 14.0, P0: 0.9820865561335281, P1: 0.015073489763366052, P2: 0.002839954103105825, TI2: 0.0018513979695776999
time: 15.0, P0: 0.9820894078430442, P1: 0.015067810988387614, P2: 0.002842781168568163, TI2: 0.0018513733255239374
time: 16.0, P0: 0.9820892095499077, P1: 0.015069350753063173, P2: 0.0028414396970290906, TI2: 0.001850230147121352
time: 17.0, P0: 0.9820919131698693, P1: 0.015064011626799118, P2: 0.0028440752033316156, TI2: 0.0018501620334623488
time: 18.0, P0: 0.9820898855548138, P1: 0.01506987319370561, P2: 0.002840241251480598, TI2: 0.0018483556966668033
time: 19.0, P0: 0.9820933212941484, P1: 0.015062789006631949, P2: 0.002843889699219692, TI2: 0.001848568405071332
time: 20.0, P0: 0.9820931620135619, P1: 0.015064214379801197, P2: 0.002842623606637024, TI2: 0.0018474615930752442
time: 21.0, P0: 0.982091155361728, P1: 0.015070009931415702, P2: 0.002838834706856455, TI2: 0.0018456793451286123
time: 22.0, P0: 0.9820980439809839, P1: 0.015054731129351077, P2: 0.002847224889665111, TI2: 0.0018471809086812966
time: 23.0, P0: 0.9820905168350605, P1: 0.015073591525863851, P2: 0.002835891639075703, TI2: 0.0018433748040152561
time: 24.0, P0: 0.9820966318227844, P1: 0.015060134401120627, P2: 0.0028432337760951176, TI2: 0.0018446019533108616
time: 25.0, P0: 0.9820956817138857, P1: 0.015063406062499392, P2: 0.0028409122236149782, TI2: 0.0018432305097293464
time: 26.0, P0: 0.9820941123580453, P1: 0.015068139152743033, P2: 0.0028377484892117277, TI2: 0.001841636131166487
time: 27.0, P0: 0.9820978164281224, P1: 0.015060376576682138, P2: 0.002841806995195518, TI2: 0.001841990567073174
time: 28.0, P0: 0.9820961324249526, P1: 0.015065370734083525, P2: 0.002838496840963941, TI2: 0.001840364416011407
time: 29.0, P0: 0.9820993272625895, P1: 0.015058803870814205, P2: 0.0028418688665963845, TI2: 0.0018405416040069736
time: 30.0, P0: 0.9820978097485268, P1: 0.015063393311170284, P2: 0.002838796940303006, TI2: 0.0018389871917762948
time: 31.0, P0: 0.9821015524677331, P1: 0.015055518437586173, P2: 0.0028429290946807677, TI2: 0.001839376626947708
time: 32.0, P0: 0.9820986502757212, P1: 0.015063377299474835, P2: 0.0028379724248040646, TI2: 0.0018373221490829632
time: 33.0, P0: 0.9821035048570329, P1: 0.015052858704677267, P2: 0.0028436364382898585, TI2: 0.0018381315812569844
time: 34.0, P0: 0.9821023648148884, P1: 0.015056533654770372, P2: 0.0028411015303412526, TI2: 0.0018367367154528776
time: 35.0, P0: 0.9820992543327647, P1: 0.015064870660265918, P2: 0.00283587500696946, TI2: 0.0018346206742048388
time: 36.0, P0: 0.9821044582280499, P1: 0.015053509576005384, P2: 0.002842032195944771, TI2: 0.001835573967894927
time: 37.0, P0: 0.9821009540121527, P1: 0.01506276916840653, P2: 0.002836276819440782, TI2: 0.0018333228072880958
time: 38.0, P0: 0.9821054096071078, P1: 0.01505317052605032, P2: 0.0028414198668419662, TI2: 0.0018340102597342533
time: 39.0, P0: 0.9821031355321259, P1: 0.015059506560778523, P2: 0.002837357907095616, TI2: 0.0018322223749697552
time: 40.0, P0: 0.9821071229669157, P1: 0.015051006938714168, P2: 0.0028418700943700784, TI2: 0.001832747127454326
time: 41.0, P0: 0.9821052643234257, P1: 0.01505634920610208, P2: 0.002838386470472222, TI2: 0.0018311221470465242
time: 42.0, P0: 0.982107357917841, P1: 0.015052325512638503, P2: 0.0028403165695205664, TI2: 0.001830958651679637
time: 43.0, P0: 0.9821097329659514, P1: 0.015047630350545809, P2: 0.002842636683502811, TI2: 0.0018309037175514332
time: 44.0, P0: 0.982103553610274, P1: 0.015063191971257129, P2: 0.0028332544184688996, TI2: 0.0018277008081949298
time: 45.0, P0: 0.9821101019771089, P1: 0.015048602472085653, P2: 0.002841295550805472, TI2: 0.001829193573696599
time: 46.0, P0: 0.9821066160238909, P1: 0.015057775082281873, P2: 0.002835608893827264, TI2: 0.0018269928699364013
time: 47.0, P0: 0.9821105650709139, P1: 0.015049332731214667, P2: 0.00284010219787143, TI2: 0.0018275371269575284
time: 48.0, P0: 0.9821092198836394, P1: 0.01505342537223276, P2: 0.002837354744127869, TI2: 0.0018261348604884991
time: 49.0, P0: 0.9821117686221522, P1: 0.015048290342419515, P2: 0.002839941035428233, TI2: 0.0018261724132759807
time: 50.0, P0: 0.9821118345891792, P1: 0.015049031241618573, P2: 0.002839134169202292, TI2: 0.001825299580023157
time: 51.0, P0: 0.9821110343938974, P1: 0.01505181906061338, P2: 0.002837146545489198, TI2: 0.0018241121515917762
time: 52.0, P0: 0.9821159564176976, P1: 0.015041048870807852, P2: 0.002842994711494612, TI2: 0.0018250382937970765
time: 53.0, P0: 0.9821094796686046, P1: 0.015057272735665077, P2: 0.002833247595730313, TI2: 0.0018217679271257026
time: 54.0, P0: 0.9821146723948379, P1: 0.015045852219791435, P2: 0.0028394753853706045, TI2: 0.0018228029905326447
time: 55.0, P0: 0.9821130795088893, P1: 0.015050499281801894, P2: 0.002836421209308763, TI2: 0.001821341700419421
time: 56.0, P0: 0.9821149424755248, P1: 0.015046956441370017, P2: 0.0028381010831051356, TI2: 0.0018211586075802888
time: 57.0, P0: 0.9821154079602119, P1: 0.015046719127549589, P2: 0.002837872912238398, TI2: 0.001820464952026385
time: 58.0, P0: 0.9821158237933107, P1: 0.015046594948223519, P2: 0.002837581258465546, TI2: 0.0018197574651546112
time: 59.0, P0: 0.9821179687594589, P1: 0.015042370775521454, P2: 0.0028396604650195376, TI2: 0.0018196917055605286
time: 60.0, P0: 0.982114979693961, P1: 0.015050302428062354, P2: 0.0028347178779764438, TI2: 0.0018177381840152405
time: 61.0, P0: 0.9821210749045624, P1: 0.01503671306053228, P2: 0.0028422120349051914, TI2: 0.0018191371303426624
time: 62.0, P0: 0.9821162183895046, P1: 0.015049059102303676, P2: 0.0028347225081915193, TI2: 0.0018165041186867148
time: 63.0, P0: 0.9821192479356003, P1: 0.01504272220702921, P2: 0.002838029857370133, TI2: 0.0018167819217694734
time: 64.0, P0: 0.982121469601745, P1: 0.015038294500616271, P2: 0.002840235897638463, TI2: 0.0018167662958931958
time: 65.0, P0: 0.9821151543255391, P1: 0.01505408271205952, P2: 0.0028307629624011003, TI2: 0.0018136086368617213
time: 66.0, P0: 0.9821225680525749, P1: 0.015037348719807934, P2: 0.0028400832276168787, TI2: 0.0018155151750416925
time: 67.0, P0: 0.9821172558500806, P1: 0.015050752557043702, P2: 0.0028319915928753945, TI2: 0.0018127357427944904
time: 68.0, P0: 0.9821225570571768, P1: 0.01503901368421047, P2: 0.0028384292586124942, TI2: 0.0018138722014354586
time: 69.0, P0: 0.9821201702904451, P1: 0.01504548000095983, P2: 0.0028343497085948632, TI2: 0.0018121794181495563
time: 70.0, P0: 0.9821237595825298, P1: 0.015037787484352687, P2: 0.0028384529331172163, TI2: 0.0018126933505871192
time: 71.0, P0: 0.982122240988771, P1: 0.015042189113701237, P2: 0.002835569897527472, TI2: 0.0018113289087561804
time: 72.0, P0: 0.9821245730870106, P1: 0.015037466008277257, P2: 0.002837960904711846, TI2: 0.0018113878177009465
time: 73.0, P0: 0.9821255045028522, P1: 0.015036056370342585, P2: 0.0028384391268049787, TI2: 0.0018109346239525421
time: 74.0, P0: 0.9821218011480688, P1: 0.015045620338404467, P2: 0.0028325785135264077, TI2: 0.0018087773654572802
time: 75.0, P0: 0.9821295436427141, P1: 0.015028070084140074, P2: 0.0028423862731455384, TI2: 0.0018108426304311502
time: 76.0, P0: 0.9821223683004567, P1: 0.015045849500640904, P2: 0.0028317821989020508, TI2: 0.001807413898445004
time: 77.0, P0: 0.9821265074323309, P1: 0.01503682589816775, P2: 0.0028366666695011306, TI2: 0.0018081592371700114
time: 78.0, P0: 0.982127153474229, P1: 0.01503607186459958, P2: 0.002836774661171176, TI2: 0.0018076211869419315
time: 79.0, P0: 0.982124469226365, P1: 0.0150432018007111, P2: 0.002832328972923574, TI2: 0.0018058597465582483
time: 80.0, P0: 0.9821284277220044, P1: 0.015034594043029176, P2: 0.0028369782349661828, TI2: 0.0018065505129615412
time: 81.0, P0: 0.9821265194975856, P1: 0.015039877984001887, P2: 0.0028336025184123193, TI2: 0.001805083020826526
time: 82.0, P0: 0.9821296517721606, P1: 0.015033219274713502, P2: 0.0028371289531256647, TI2: 0.0018054771809648323
time: 83.0, P0: 0.9821277463737614, P1: 0.015038488660405367, P2: 0.0028337649658329543, TI2: 0.0018040185920712747
time: 84.0, P0: 0.9821316211183393, P1: 0.015030063550813329, P2: 0.0028383153308471206, TI2: 0.0018046942125075703
time: 85.0, P0: 0.9821285761858322, P1: 0.015038024209002132, P2: 0.0028333996051654784, TI2: 0.001802823419333089
time: 86.0, P0: 0.9821326647948453, P1: 0.015029084813600681, P2: 0.002838250391553753, TI2: 0.0018035855967081873
time: 87.0, P0: 0.9821327405983576, P1: 0.015029646138042963, P2: 0.0028376132635991084, TI2: 0.001802872665241179
time: 88.0, P0: 0.9821274293762666, P1: 0.015042963111514313, P2: 0.0028296075122188386, TI2: 0.0018001781359519888
time: 89.0, P0: 0.9821336052818328, P1: 0.015029068381316008, P2: 0.002837326336850958, TI2: 0.0018017210550179226
time: 90.0, P0: 0.9821298342099408, P1: 0.01503872985337006, P2: 0.0028314359366888907, TI2: 0.0017996017267478401
time: 91.0, P0: 0.9821340510207855, P1: 0.015029467810129718, P2: 0.002836481169084454, TI2: 0.001800430148298624
time: 92.0, P0: 0.9821320551715502, P1: 0.015034917065585938, P2: 0.0028330277628635415, TI2: 0.001798972591313018
time: 93.0, P0: 0.9821354797020325, P1: 0.015027524124164604, P2: 0.0028369961738025874, TI2: 0.0017995164717697775
time: 94.0, P0: 0.9821339340413788, P1: 0.015031899660748489, P2: 0.0028341662978724077, TI2: 0.0017982322564933015
time: 95.0, P0: 0.9821353856849666, P1: 0.015029172231600527, P2: 0.00283544208343259, TI2: 0.001798056398465706
time: 96.0, P0: 0.9821383106548376, P1: 0.015022951487363682, P2: 0.0028387378577984816, TI2: 0.0017984272029606444
time: 97.0, P0: 0.9821313704887371, P1: 0.015040093223474266, P2: 0.0028285362877883144, TI2: 0.0017951657990508939
time: 98.0, P0: 0.9821376234576863, P1: 0.015025982654770157, P2: 0.0028363938875432607, TI2: 0.0017967704298566763
time: 99.0, P0: 0.9821346374103377, P1: 0.015033751616033167, P2: 0.002831610973628877, TI2: 0.0017949735632909194
time: 100.0, P0: 0.9821378045025256, P1: 0.015026942928385734, P2: 0.002835252569088339, TI2: 0.0017954480665624106
time: 101.0, P0: 0.9821368866070429, P1: 0.015029806197786792, P2: 0.002833307195169924, TI2: 0.0017944205881266378
time: 102.0, P0: 0.9821388004929831, P1: 0.015025958682677788, P2: 0.0028352408243387697, TI2: 0.0017944403313553269
time: 103.0, P0: 0.9821391923388951, P1: 0.015025712674729758, P2: 0.002835094986374676, TI2: 0.0017939026474791087
time: 104.0, P0: 0.9821376944218133, P1: 0.015029939162874133, P2: 0.0028323664153121703, TI2: 0.0017926719934984732
time: 105.0, P0: 0.9821430781809215, P1: 0.015017862524374486, P2: 0.002839059294703618, TI2: 0.0017939811137817217
time: 106.0, P0: 0.9821365642286665, P1: 0.015033962802093683, P2: 0.0028294729692394426, TI2: 0.0017909087405725659
time: 107.0, P0: 0.982140601189195, P1: 0.015025069191705204, P2: 0.002834329619099356, TI2: 0.0017917284299039159
time: 108.0, P0: 0.9821399886300402, P1: 0.01502718479594445, P2: 0.002832826574015003, TI2: 0.0017908379439744563
time: 109.0, P0: 0.9821408178817823, P1: 0.015025881964198183, P2: 0.0028333001540191065, TI2: 0.0017904822722363961
time: 110.0, P0: 0.9821417804738624, P1: 0.015024259904410413, P2: 0.0028339596217267704, TI2: 0.0017901791478639542
time: 111.0, P0: 0.9821416210357653, P1: 0.015025292048577716, P2: 0.0028330869156565114, TI2: 0.001789465879890738
time: 112.0, P0: 0.9821439661719898, P1: 0.015020388599079603, P2: 0.0028356452289300966, TI2: 0.0017896790569397955
time: 113.0, P0: 0.9821407271547107, P1: 0.01502870817773262, P2: 0.0028305646675562614, TI2: 0.0017878375128451416
time: 114.0, P0: 0.9821466817671176, P1: 0.015015248797922922, P2: 0.0028380694349590604, TI2: 0.0017893876678410428
time: 115.0, P0: 0.9821423853796538, P1: 0.015026066166365122, P2: 0.0028315484539806453, TI2: 0.0017871630743264122
time: 116.0, P0: 0.9821428302218532, P1: 0.015025650363643749, P2: 0.002831519414502683, TI2: 0.001786689192649112
time: 117.0, P0: 0.9821451749477915, P1: 0.01502073130366387, P2: 0.002834093748544154, TI2: 0.001786918800752177
time: 118.0, P0: 0.982143387138804, P1: 0.015025597117039746, P2: 0.002831015744155778, TI2: 0.0017856286053513
time: 119.0, P0: 0.9821463058202743, P1: 0.015019312094305839, P2: 0.0028343820854194695, TI2: 0.001786076265144778
time: 120.0, P0: 0.9821443446778769, P1: 0.015024581976328296, P2: 0.002831073345794292, TI2: 0.0017847286679168785
time: 121.0, P0: 0.9821480712902643, P1: 0.015016376877320967, P2: 0.002835551832414267, TI2: 0.0017854805421494988
time: 122.0, P0: 0.9821447734892339, P1: 0.015024806296049326, P2: 0.0028304202147162913, TI2: 0.0017836467254819075
time: 123.0, P0: 0.9821492865715145, P1: 0.015014732020424491, P2: 0.002835981408060598, TI2: 0.001784694836545685
time: 124.0, P0: 0.9821481240754594, P1: 0.01501809750489793, P2: 0.0028337784196421903, TI2: 0.0017836543441823094
time: 125.0, P0: 0.982144723721631, P1: 0.015026760326455653, P2: 0.002828515951912924, TI2: 0.0017817922302814995
time: 126.0, P0: 0.982149704414706, P1: 0.015015569043134313, P2: 0.00283472654215933, TI2: 0.0017830221274529718
time: 127.0, P0: 0.9821459242535829, P1: 0.015025125217446707, P2: 0.002828950528969899, TI2: 0.0017810262753865033
time: 128.0, P0: 0.9821501916231266, P1: 0.015015617262448027, P2: 0.002834191114425037, TI2: 0.0017819994912980995
time: 129.0, P0: 0.9821476469325608, P1: 0.015022240970134096, P2: 0.002830112097304673, TI2: 0.0017804651647434398
time: 130.0, P0: 0.9821514089157011, P1: 0.015013923899608792, P2: 0.002834667184689787, TI2: 0.0017812582689883648
time: 131.0, P0: 0.9821493416029683, P1: 0.015019410790341832, P2: 0.0028312476066894967, TI2: 0.0017799060037208255
time: 132.0, P0: 0.9821511856245845, P1: 0.015015630430919207, P2: 0.0028331839444958977, TI2: 0.0017799983199110012
time: 133.0, P0: 0.982153277646199, P1: 0.015011259652367251, P2: 0.0028354627014333003, TI2: 0.00178018505523385
time: 134.0, P0: 0.982147051198366, P1: 0.015026588621719968, P2: 0.0028263601799136317, TI2: 0.0017773089815472302
time: 135.0, P0: 0.9821533103244088, P1: 0.01501234182746563, P2: 0.0028343478481252103, TI2: 0.0017790375237160482
time: 136.0, P0: 0.9821495599683291, P1: 0.015021800079344626, P2: 0.002828639952325872, TI2: 0.0017770799839963692
time: 137.0, P0: 0.9821533260566755, P1: 0.015013452251041698, P2: 0.0028332216922823555, TI2: 0.0017778956356064076
time: 138.0, P0: 0.9821517231658866, P1: 0.015017818208108148, P2: 0.002830458626004847, TI2: 0.0017767354601178407
time: 139.0, P0: 0.9821540382083911, P1: 0.015012901392580817, P2: 0.0028330603990276352, TI2: 0.001777022190636087
time: 140.0, P0: 0.9821539252069965, P1: 0.015013732622631407, P2: 0.0028323421703716563, TI2: 0.0017764169633747195
time: 141.0, P0: 0.9821528463208385, P1: 0.015016848705757342, P2: 0.0028303049734036446, TI2: 0.0017754586525646314
time: 142.0, P0: 0.9821575360988698, P1: 0.015006298508526568, P2: 0.0028361653926031885, TI2: 0.0017766292937329436
time: 143.0, P0: 0.9821509327976606, P1: 0.015022493725150195, P2: 0.0028265734771887215, TI2: 0.0017736406795276353
time: 144.0, P0: 0.9821576106001796, P1: 0.015007229060646401, P2: 0.0028351603391735085, TI2: 0.001775549738993416
time: 145.0, P0: 0.9821549963656403, P1: 0.015013970267786163, P2: 0.0028310333665730126, TI2: 0.0017740370009321873
time: 146.0, P0: 0.9821532230920458, P1: 0.015018716780498176, P2: 0.0028280601274555, TI2: 0.0017728370354091734
time: 147.0, P0: 0.9821573856216269, P1: 0.015009401213353082, P2: 0.0028332131650195495, TI2: 0.00177382754339218
time: 148.0, P0: 0.9821535748335751, P1: 0.015018968096332377, P2: 0.0028274570700919668, TI2: 0.0017718822365163087
time: 149.0, P0: 0.9821577712110194, P1: 0.015009566780230275, P2: 0.0028326620087497805, TI2: 0.0017728907977298352
time: 150.0, P0: 0.9821552943775804, P1: 0.01501596857136555, P2: 0.0028287370510534887, TI2: 0.0017714426734725271
time: 151.0, P0: 0.9821588937469331, P1: 0.01500797578556241, P2: 0.0028331304675039046, TI2: 0.0017722367205702176
time: 152.0, P0: 0.9821561823594689, P1: 0.015014927641912793, P2: 0.002828889998617785, TI2: 0.0017707076391483617
time: 153.0, P0: 0.9821602062606745, P1: 0.015005923870820679, P2: 0.0028338698685043723, TI2: 0.0017716636078294215
time: 154.0, P0: 0.9821584090859781, P1: 0.015010704932977934, P2: 0.0028308859810434583, TI2: 0.00177047689506485
time: 155.0, P0: 0.9821576895885478, P1: 0.015012930760578089, P2: 0.0028293796508735793, TI2: 0.0017696900623252463
time: 156.0, P0: 0.9821631968578038, P1: 0.015000405474061668, P2: 0.0028363976681340082, TI2: 0.0017712008103296832
time: 157.0, P0: 0.9821542772652894, P1: 0.01502204833295321, P2: 0.0028236744017568643, TI2: 0.0017673971364669384
time: 158.0, P0: 0.982162200965008, P1: 0.015003794272914126, P2: 0.0028340047620774196, TI2: 0.0017698037970689637
time: 159.0, P0: 0.9821581295296415, P1: 0.015013948722241495, P2: 0.0028279217481163867, TI2: 0.0017677922184742667
time: 160.0, P0: 0.9821596881280121, P1: 0.015010765490773723, P2: 0.0028295463812136206, TI2: 0.0017678582532009615
time: 161.0, P0: 0.9821604262100162, P1: 0.015009523090881518, P2: 0.002830050699101725, TI2: 0.001767624489084966
time: 162.0, P0: 0.9821606372657622, P1: 0.015009526380902104, P2: 0.0028298363533351754, TI2: 0.0017671990875724535
time: 163.0, P0: 0.9821618416771662, P1: 0.015007174267583722, P2: 0.002830984055249505, TI2: 0.00176714237808273
time: 164.0, P0: 0.9821612341425713, P1: 0.015009111276928128, P2: 0.002829654580500097, TI2: 0.0017664204379283207
time: 165.0, P0: 0.9821638594150227, P1: 0.015003388646082976, P2: 0.0028327519388938707, TI2: 0.0017668925238707167
time: 166.0, P0: 0.9821602469290708, P1: 0.01501243794547482, P2: 0.0028273151254538595, TI2: 0.001765068196382537
time: 167.0, P0: 0.9821661207520769, P1: 0.014999015868875346, P2: 0.002834863379047319, TI2: 0.0017667426269699815
time: 168.0, P0: 0.9821625660517926, P1: 0.015007923250703877, P2: 0.002829510697503001, TI2: 0.0017649446457098776
time: 169.0, P0: 0.9821610746763689, P1: 0.015011941023038483, P2: 0.0028269843005921114, TI2: 0.0017639096242227045
time: 170.0, P0: 0.9821646589437537, P1: 0.015003934369179206, P2: 0.0028314066870665797, TI2: 0.001764747743312364
time: 171.0, P0: 0.9821621072289619, P1: 0.015010458648435856, P2: 0.002827434122601714, TI2: 0.0017633268936392823
time: 172.0, P0: 0.9821652723250471, P1: 0.015003439875512746, P2: 0.0028312877994395957, TI2: 0.0017640154743919347
time: 173.0, P0: 0.9821632553144918, P1: 0.015008692755436316, P2: 0.0028280519300714216, TI2: 0.0017627966155791565
time: 174.0, P0: 0.982166763917243, P1: 0.015000855472546204, P2: 0.0028323806102103673, TI2: 0.0017636166929669358
time: 175.0, P0: 0.9821637555551729, P1: 0.015008451552052786, P2: 0.002827792892773873, TI2: 0.0017620373376005293
time: 176.0, P0: 0.982167694334405, P1: 0.014999590528687014, P2: 0.0028327151369075473, TI2: 0.0017630208025021087
time: 177.0, P0: 0.9821672734428923, P1: 0.015001053223420265, P2: 0.002831673333687021, TI2: 0.0017623998907943057
time: 178.0, P0: 0.9821623445531376, P1: 0.01501319096324223, P2: 0.0028244644836198916, TI2: 0.001760119930482011
time: 179.0, P0: 0.9821680488198056, P1: 0.015000141111636014, P2: 0.002831810068558063, TI2: 0.0017617612487521386
time: 180.0, P0: 0.9821640867352446, P1: 0.015009984182100328, P2: 0.0028259290826546826, TI2: 0.001759842347409691
time: 181.0, P0: 0.9821681639382751, P1: 0.015000783397482682, P2: 0.0028310526642418015, TI2: 0.0017608887259662833
time: 182.0, P0: 0.982165898197923, P1: 0.015006603883856814, P2: 0.002827497918219841, TI2: 0.0017595997202964936
time: 183.0, P0: 0.9821691799809323, P1: 0.014999282423390768, P2: 0.002831537595676477, TI2: 0.0017603576147437196
time: 184.0, P0: 0.9821675156948014, P1: 0.015003673682850657, P2: 0.0028288106223475374, TI2: 0.0017592949275457286
time: 185.0, P0: 0.9821685668783072, P1: 0.01500163089614656, P2: 0.0028298022255458656, TI2: 0.00175923534723829
time: 186.0, P0: 0.9821714864100834, P1: 0.014995160532992161, P2: 0.0028333530569240708, TI2: 0.0017598666468403004
time: 187.0, P0: 0.9821644391730817, P1: 0.015012294721690037, P2: 0.0028232661052278243, TI2: 0.0017568269321456833
time: 188.0, P0: 0.9821704963115432, P1: 0.014998388207366084, P2: 0.002831115481090446, TI2: 0.0017586191695469742
time: 189.0, P0: 0.9821673162322224, P1: 0.015006358297964574, P2: 0.0028263254698126282, TI2: 0.0017570092375898303
time: 190.0, P0: 0.9821703170311316, P1: 0.014999686386070911, P2: 0.002829996582797226, TI2: 0.0017576795516653604
time: 191.0, P0: 0.9821692401842531, P1: 0.01500267036889515, P2: 0.002828089446851396, TI2: 0.0017568492625979395
time: 192.0, P0: 0.9821709239465825, P1: 0.014999113471240706, P2: 0.002829962582176555, TI2: 0.0017570386355938133
time: 193.0, P0: 0.9821712312456855, P1: 0.014998814590600786, P2: 0.002829954163713459, TI2: 0.0017567229180277036
time: 194.0, P0: 0.9821694844489098, P1: 0.015003378746598154, P2: 0.002827136804491721, TI2: 0.0017556523555815953
time: 195.0, P0: 0.9821746811237638, P1: 0.014991494722649358, P2: 0.0028338241535864673, TI2: 0.0017571430298222918
time: 196.0, P0: 0.982168123351853, P1: 0.01500744956858682, P2: 0.0028244270795599003, TI2: 0.0017543037277066196
time: 197.0, P0: 0.9821720199702589, P1: 0.01499864044852045, P2: 0.0028293395812202943, TI2: 0.0017553196109610376
time: 198.0, P0: 0.9821711866062427, P1: 0.015001032401783436, P2: 0.002827780991973603, TI2: 0.0017545943857306407
time: 199.0, P0: 0.9821718526774784, P1: 0.014999870711612176, P2: 0.0028282766109090193, TI2: 0.0017544239334302144
time: 200.0, P0: 0.9821726850243886, P1: 0.014998313055064825, P2: 0.0028290019205462528, TI2: 0.0017543168961573299
time: 201.0, P0: 0.9821722711882388, P1: 0.014999704927933531, P2: 0.002828023883827282, TI2: 0.001753752695588096
time: 202.0, P0: 0.9821745550656921, P1: 0.014994705006319829, P2: 0.002830739927987752, TI2: 0.0017541848622953328
time: 203.0, P0: 0.9821710897709206, P1: 0.015003320212951485, P2: 0.002825590016127515, TI2: 0.0017525002452065154
time: 204.0, P0: 0.9821768489358392, P1: 0.01499008469299586, P2: 0.0028330663711645, TI2: 0.0017542174353248595
time: 205.0, P0: 0.9821724779927081, P1: 0.01500084080847082, P2: 0.0028266811988206706, TI2: 0.0017522032061121607
time: 206.0, P0: 0.9821728419830655, P1: 0.015000379902084667, P2: 0.0028267781148494184, TI2: 0.0017519361317835042
time: 207.0, P0: 0.9821749606218868, P1: 0.01499576096269979, P2: 0.0028292784154130076, TI2: 0.0017523177935258045
time: 208.0, P0: 0.9821730056485435, P1: 0.015000788548289332, P2: 0.0028262058031666604, TI2: 0.0017512001546226518
time: 209.0, P0: 0.9821758144255491, P1: 0.014994530891737058, P2: 0.0028296546827133373, TI2: 0.001751840257163732
time: 210.0, P0: 0.9821736075014288, P1: 0.015000151172608292, P2: 0.002826241325962417, TI2: 0.0017506338245331244
time: 211.0, P0: 0.982177256781079, P1: 0.014991898697145007, P2: 0.0028308445217755263, TI2: 0.0017515877406960585
time: 212.0, P0: 0.9821737894217198, P1: 0.015000500365854636, P2: 0.002825710212425089, TI2: 0.0017499207907048131
time: 213.0, P0: 0.9821780918894759, P1: 0.0149906967789787, P2: 0.0028312113315449184, TI2: 0.001751119442068537
time: 214.0, P0: 0.9821768202384542, P1: 0.014994093813914615, P2: 0.0028290859476307736, TI2: 0.0017502657091761616
time: 215.0, P0: 0.9821733951656854, P1: 0.015002589366402204, P2: 0.0028240154679119913, TI2: 0.0017486203022261853
time: 216.0, P0: 0.9821781482709616, P1: 0.014991712496869505, P2: 0.0028301392321683624, TI2: 0.0017499909612062289
time: 217.0, P0: 0.9821742021811194, P1: 0.015001438194313082, P2: 0.002824359624567092, TI2: 0.001748157443447265
time: 218.0, P0: 0.9821783625262563, P1: 0.014991961408855526, P2: 0.002829676064887672, TI2: 0.001749313538630869
time: 219.0, P0: 0.9821756128385035, P1: 0.014998849482383609, P2: 0.0028255376791125088, TI2: 0.0017479248406086243
time: 220.0, P0: 0.9821792549941739, P1: 0.01499059619886366, P2: 0.0028301488069619575, TI2: 0.001748893812787573
time: 221.0, P0: 0.98217705883291, P1: 0.014996169375045946, P2: 0.0028267717920436824, TI2: 0.0017477129591333099
time: 222.0, P0: 0.9821786981141585, P1: 0.014992656190717425, P2: 0.0028286456951236607, TI2: 0.0017479475809647445
time: 223.0, P0: 0.9821806537140769, P1: 0.0149883918967785, P2: 0.00283095438914412, TI2: 0.0017483006750667392
time: 224.0, P0: 0.9821744069366699, P1: 0.015003553491667454, P2: 0.002822039571662227, TI2: 0.0017456326349919058
time: 225.0, P0: 0.9821827087351228, P1: 0.01498425412193501, P2: 0.0028330371429417874, TI2: 0.001748328407818584
time: 226.0, P0: 0.9821760129118488, P1: 0.015000475571535676, P2: 0.0028235115166151984, TI2: 0.001745498604766072
time: 227.0, P0: 0.9821790968969428, P1: 0.014993531149235843, P2: 0.002827371953820912, TI2: 0.001746275056877665
time: 228.0, P0: 0.982179232602205, P1: 0.014993568051314183, P2: 0.0028271993464804054, TI2: 0.0017459667442749917
time: 229.0, P0: 0.9821784344783453, P1: 0.014995814936723195, P2: 0.00282575058493112, TI2: 0.0017453161065854354
time: 230.0, P0: 0.9821803421346775, P1: 0.014991651206455472, P2: 0.0028280066588666384, TI2: 0.0017456645241887485
time: 231.0, P0: 0.9821793214861019, P1: 0.014994421508019818, P2: 0.002826257005877979, TI2: 0.0017449355197757751
time: 232.0, P0: 0.9821816031165476, P1: 0.014989368371755766, P2: 0.002829028511696302, TI2: 0.0017454253951483703
time: 233.0, P0: 0.9821789809627743, P1: 0.014995928317063537, P2: 0.0028250907201617785, TI2: 0.0017441097573870933
time: 234.0, P0: 0.9821835257833965, P1: 0.014985511102943178, P2: 0.002830963113659929, TI2: 0.0017454373302630355
time: 235.0, P0: 0.9821794789327933, P1: 0.014995441949473921, P2: 0.0028250791177323836, TI2: 0.0017436001849386875
time: 236.0, P0: 0.9821824283241054, P1: 0.014988800044145814, P2: 0.002828771631748446, TI2: 0.0017443433076427051
time: 237.0, P0: 0.9821841283474931, P1: 0.014985115577799118, P2: 0.0028307560747074306, TI2: 0.0017446277272139788
time: 238.0, P0: 0.982176447610045, P1: 0.015003648191645774, P2: 0.0028199041983088652, TI2: 0.0017414565882635025
time: 239.0, P0: 0.982185269370642, P1: 0.014983092003812808, P2: 0.0028316386255448655, TI2: 0.0017443692549025372
time: 240.0, P0: 0.9821780107473514, P1: 0.01500062134831878, P2: 0.0028213679043294086, TI2: 0.0017413571569775974
time: 241.0, P0: 0.9821830465480854, P1: 0.01498902894497608, P2: 0.0028279245069381476, TI2: 0.0017428779588523748
time: 242.0, P0: 0.9821809566721981, P1: 0.014994312383876775, P2: 0.002824730943924815, TI2: 0.001741774271726405
time: 243.0, P0: 0.9821833337684122, P1: 0.014989013841821983, P2: 0.002827652389765468, TI2: 0.0017423186213529188
time: 244.0, P0: 0.9821825867728337, P1: 0.01499111318276255, P2: 0.00282630004440332, TI2: 0.0017417132715691912
time: 245.0, P0: 0.9821837918680882, P1: 0.014988587197719132, P2: 0.002827620934192183, TI2: 0.0017418290661034988
time: 246.0, P0: 0.9821845216036453, P1: 0.014987185446279444, P2: 0.0028282929500748305, TI2: 0.0017417713464291055
time: 247.0, P0: 0.9821819272530825, P1: 0.014993655298871625, P2: 0.0028244174480454, TI2: 0.0017404901949624252
time: 248.0, P0: 0.9821878321877369, P1: 0.014979992470871506, P2: 0.0028321753413911885, TI2: 0.001742343153653884
time: 249.0, P0: 0.9821814182237552, P1: 0.01499550596384535, P2: 0.002823075812399104, TI2: 0.00173965758864356
time: 250.0, P0: 0.9821839010442086, P1: 0.014989945288126805, P2: 0.0028261536676642204, TI2: 0.001740252623455247
time: 251.0, P0: 0.9821842883451192, P1: 0.014989346332234964, P2: 0.0028263653226454307, TI2: 0.0017400769775258271
time: 252.0, P0: 0.9821840264126516, P1: 0.014990283486760137, P2: 0.002825690100587959, TI2: 0.0017396636879360554
time: 253.0, P0: 0.982185340187282, P1: 0.014987486869934858, P2: 0.002827172942782811, TI2: 0.00173983275550048
time: 254.0, P0: 0.9821846075525688, P1: 0.014989535670406767, P2: 0.002825856777024141, TI2: 0.0017392492244550492
time: 255.0, P0: 0.9821869638721045, P1: 0.014984266508332207, P2: 0.00282876961956304, TI2: 0.0017398057474582887
time: 256.0, P0: 0.982183561856848, P1: 0.014992634677335278, P2: 0.0028238034658164143, TI2: 0.0017382416089681062
time: 257.0, P0: 0.9821890892590456, P1: 0.014979851448095766, P2: 0.0028310592928584137, TI2: 0.0017399700338125942
time: 258.0, P0: 0.9821853442488976, P1: 0.01498902884884597, P2: 0.002825626902256206, TI2: 0.0017382826533583827
time: 259.0, P0: 0.9821835591329673, P1: 0.014993562555748973, P2: 0.0028228783112833997, TI2: 0.001737319178315773
time: 260.0, P0: 0.9821858746329152, P1: 0.014988382168315106, P2: 0.0028257431987693915, TI2: 0.0017378685658538894
